-20,-14,-13,-12,-11,-5, -4, -2, 0 ,1,2,   3,5,6   ,8,12,13,14,16,19,22,23,25,26
31, 3,1,1,3,3,22,24, 1, 14,13,22,24,21,7,8,6,23,15,12
a,4,1,5,v,1
-20,-14,-13,-12,-11,-5, -4,  -3 , -2,-1
-2,3,4,3,1, 3,5,  6,-1, 0, 5, 71, 22, 442,  23, 443, 444, 55

3.3,11.3,12.3,3,6,8,1
1,4,7,1,66,12,43,523,23,54,23,54,75,75,34,42356,265,44,45,46,66,22,12,13,14,15, 02,-1,-42,-41,-40,-2
1,2,3,4,5,6,7,8
1,2,4,5,7,8
1   ,   2   ,   3   ,   4   ,   5
9,8,7,6,5,4,3,2,1,0,-1,-2,-3,-4,-5,-6,-7,-8,-9
9,8,7,6,0,-6,-5,-4,-3,-7
1,2,3,4,5,6,7,8,9,11,12,13,14,15,16,17,18,19,21,22,23,24,25,26,27,28,29,31,32,33,34,35,36,37,38,39,41,42,43,44,45,46,47,48,49,51,52,53,54,55,56,57,58,59,61,62,63,64,65,66,67,68,69